"interval_start_utc","interval_end_utc","wind_curtailment_mwh","wind_curtailment_mw","solar_curtailment_mwh","solar_curtailment_mw","total_curtailment_mwh","total_curtailment_mw"
2024-04-29,2024-04-29 01:00:00,0,0,0,0,0,0
2024-04-29 01:00:00,2024-04-29 02:00:00,0,0,0,0,0,0
2024-04-29 02:00:00,2024-04-29 03:00:00,0,0,0,0,0,0
2024-04-29 03:00:00,2024-04-29 04:00:00,0,0,0,0,0,0
2024-04-29 04:00:00,2024-04-29 05:00:00,0,0,0,0,0,0
2024-04-29 05:00:00,2024-04-29 06:00:00,0,0,0,0,0,0
2024-04-29 06:00:00,2024-04-29 07:00:00,0,0,0,0,0,0
2024-04-29 07:00:00,2024-04-29 08:00:00,4,17,325,1072,329,1089
2024-04-29 08:00:00,2024-04-29 09:00:00,73,191,1552,2177,1625,2368
2024-04-29 09:00:00,2024-04-29 10:00:00,163,212,2215,2487,2378,2699
2024-04-29 10:00:00,2024-04-29 11:00:00,126,193,2240,2399,2366,2592
2024-04-29 11:00:00,2024-04-29 12:00:00,65,89,2270,2494,2335,2583
2024-04-29 12:00:00,2024-04-29 13:00:00,37,94,2434,2604,2471,2698
2024-04-29 13:00:00,2024-04-29 14:00:00,85,311,2389,2672,2474,2983
2024-04-29 14:00:00,2024-04-29 15:00:00,207,323,2700,2743,2907,3066
2024-04-29 15:00:00,2024-04-29 16:00:00,176,208,2273,2649,2449,2857
2024-04-29 16:00:00,2024-04-29 17:00:00,241,240,2090,2864,2331,3104
2024-04-29 17:00:00,2024-04-29 18:00:00,62,240,1032,1986,1094,2226
2024-04-29 18:00:00,2024-04-29 19:00:00,0,0,41,139,41,139
2024-04-29 19:00:00,2024-04-29 20:00:00,0,0,0,0,0,0
2024-04-29 20:00:00,2024-04-29 21:00:00,0,0,0,0,0,0
2024-04-29 21:00:00,2024-04-29 22:00:00,0,0,0,0,0,0
2024-04-29 22:00:00,2024-04-29 23:00:00,0,0,0,0,0,0
2024-04-29 23:00:00,2024-04-30,0,0,0,0,0,0
2024-04-30,2024-04-30 01:00:00,7,18,0,0,7,18
2024-04-30 01:00:00,2024-04-30 02:00:00,10,16,0,0,10,16
2024-04-30 02:00:00,2024-04-30 03:00:00,14,17,0,0,14,17
2024-04-30 03:00:00,2024-04-30 04:00:00,8,11,0,0,8,11
2024-04-30 04:00:00,2024-04-30 05:00:00,6,10,0,0,6,10
2024-04-30 05:00:00,2024-04-30 06:00:00,0,2,0,0,0,2
2024-04-30 06:00:00,2024-04-30 07:00:00,0,0,0,0,0,0
2024-04-30 07:00:00,2024-04-30 08:00:00,2,12,420,1570,422,1582
2024-04-30 08:00:00,2024-04-30 09:00:00,3,16,1095,1689,1098,1705
2024-04-30 09:00:00,2024-04-30 10:00:00,0,0,1490,2043,1490,2043
2024-04-30 10:00:00,2024-04-30 11:00:00,1,0,944,1033,945,1033
2024-04-30 11:00:00,2024-04-30 12:00:00,3,3,878,1003,881,1006
2024-04-30 12:00:00,2024-04-30 13:00:00,2,1,1073,1169,1075,1170
2024-04-30 13:00:00,2024-04-30 14:00:00,1,2,1261,1556,1262,1558
2024-04-30 14:00:00,2024-04-30 15:00:00,2,3,1700,1883,1702,1886
2024-04-30 15:00:00,2024-04-30 16:00:00,19,3,1464,1883,1483,1886
2024-04-30 16:00:00,2024-04-30 17:00:00,116,83,1984,2324,2100,2407
2024-04-30 17:00:00,2024-04-30 18:00:00,21,46,1236,2123,1257,2169
2024-04-30 18:00:00,2024-04-30 19:00:00,0,0,41,155,41,155
2024-04-30 19:00:00,2024-04-30 20:00:00,0,0,0,0,0,0
2024-04-30 20:00:00,2024-04-30 21:00:00,0,0,0,0,0,0
2024-04-30 21:00:00,2024-04-30 22:00:00,0,0,0,0,0,0
2024-04-30 22:00:00,2024-04-30 23:00:00,0,0,0,0,0,0
2024-04-30 23:00:00,2024-05-01,0,0,0,0,0,0
2024-05-01,2024-05-01 01:00:00,0,0,0,0,0,0
2024-05-01 01:00:00,2024-05-01 02:00:00,0,0,0,0,0,0
2024-05-01 02:00:00,2024-05-01 03:00:00,0,0,0,0,0,0
2024-05-01 03:00:00,2024-05-01 04:00:00,0,0,0,0,0,0
2024-05-01 04:00:00,2024-05-01 05:00:00,0,0,0,0,0,0
2024-05-01 05:00:00,2024-05-01 06:00:00,0,0,0,0,0,0
2024-05-01 06:00:00,2024-05-01 07:00:00,0,0,0,0,0,0
2024-05-01 07:00:00,2024-05-01 08:00:00,0,0,397,1561,397,1561
2024-05-01 08:00:00,2024-05-01 09:00:00,4,10,1097,2010,1101,2020
2024-05-01 09:00:00,2024-05-01 10:00:00,10,18,1774,2236,1784,2254
2024-05-01 10:00:00,2024-05-01 11:00:00,10,4,1673,1966,1683,1970
2024-05-01 11:00:00,2024-05-01 12:00:00,6,6,1754,2187,1760,2193
2024-05-01 12:00:00,2024-05-01 13:00:00,6,6,2070,2149,2076,2155
2024-05-01 13:00:00,2024-05-01 14:00:00,7,4,2258,2340,2265,2344
2024-05-01 14:00:00,2024-05-01 15:00:00,15,28,2240,2347,2255,2375
2024-05-01 15:00:00,2024-05-01 16:00:00,13,26,2645,2690,2658,2716
2024-05-01 16:00:00,2024-05-01 17:00:00,78,96,2658,2968,2736,3064
2024-05-01 17:00:00,2024-05-01 18:00:00,19,59,1347,2360,1366,2419
2024-05-01 18:00:00,2024-05-01 19:00:00,1,0,70,354,71,354
2024-05-01 19:00:00,2024-05-01 20:00:00,0,0,0,0,0,0
2024-05-01 20:00:00,2024-05-01 21:00:00,0,2,0,0,0,2
2024-05-01 21:00:00,2024-05-01 22:00:00,0,0,0,0,0,0
2024-05-01 22:00:00,2024-05-01 23:00:00,0,0,0,0,0,0
2024-05-01 23:00:00,2024-05-02,0,0,0,0,0,0
2024-05-02,2024-05-02 01:00:00,0,0,0,0,0,0
2024-05-02 01:00:00,2024-05-02 02:00:00,0,0,0,0,0,0
2024-05-02 02:00:00,2024-05-02 03:00:00,0,0,0,0,0,0
2024-05-02 03:00:00,2024-05-02 04:00:00,0,0,0,0,0,0
2024-05-02 04:00:00,2024-05-02 05:00:00,0,0,0,0,0,0
2024-05-02 05:00:00,2024-05-02 06:00:00,0,0,0,0,0,0
2024-05-02 06:00:00,2024-05-02 07:00:00,0,0,0,0,0,0
2024-05-02 07:00:00,2024-05-02 08:00:00,0,0,65,236,65,236
2024-05-02 08:00:00,2024-05-02 09:00:00,0,0,544,609,544,609
2024-05-02 09:00:00,2024-05-02 10:00:00,0,0,696,810,696,810
2024-05-02 10:00:00,2024-05-02 11:00:00,0,0,790,842,790,842
2024-05-02 11:00:00,2024-05-02 12:00:00,0,0,830,867,830,867
2024-05-02 12:00:00,2024-05-02 13:00:00,0,0,1034,1081,1034,1081
2024-05-02 13:00:00,2024-05-02 14:00:00,0,0,691,773,691,773
2024-05-02 14:00:00,2024-05-02 15:00:00,84,241,1292,1735,1376,1976
2024-05-02 15:00:00,2024-05-02 16:00:00,172,242,1656,2001,1828,2243
2024-05-02 16:00:00,2024-05-02 17:00:00,180,303,1851,2483,2031,2786
2024-05-02 17:00:00,2024-05-02 18:00:00,49,120,881,1667,930,1787
2024-05-02 18:00:00,2024-05-02 19:00:00,0,0,69,337,69,337
2024-05-02 19:00:00,2024-05-02 20:00:00,0,0,0,0,0,0
2024-05-02 20:00:00,2024-05-02 21:00:00,0,0,0,0,0,0
2024-05-02 21:00:00,2024-05-02 22:00:00,0,0,0,0,0,0
2024-05-02 22:00:00,2024-05-02 23:00:00,0,0,0,0,0,0
2024-05-02 23:00:00,2024-05-03,0,0,0,0,0,0
2024-05-03,2024-05-03 01:00:00,0,0,0,0,0,0
2024-05-03 01:00:00,2024-05-03 02:00:00,0,0,0,0,0,0
2024-05-03 02:00:00,2024-05-03 03:00:00,0,0,0,0,0,0
2024-05-03 03:00:00,2024-05-03 04:00:00,0,0,0,0,0,0
2024-05-03 04:00:00,2024-05-03 05:00:00,0,0,0,0,0,0
2024-05-03 05:00:00,2024-05-03 06:00:00,0,0,0,0,0,0
2024-05-03 06:00:00,2024-05-03 07:00:00,0,0,0,0,0,0
2024-05-03 07:00:00,2024-05-03 08:00:00,42,130,242,972,284,1102
2024-05-03 08:00:00,2024-05-03 09:00:00,0,0,487,553,487,553
2024-05-03 09:00:00,2024-05-03 10:00:00,0,0,712,877,712,877
2024-05-03 10:00:00,2024-05-03 11:00:00,0,0,654,701,654,701
2024-05-03 11:00:00,2024-05-03 12:00:00,0,0,863,1051,863,1051
2024-05-03 12:00:00,2024-05-03 13:00:00,37,116,906,1028,943,1144
2024-05-03 13:00:00,2024-05-03 14:00:00,90,74,1052,1468,1142,1542
2024-05-03 14:00:00,2024-05-03 15:00:00,236,278,2527,2965,2763,3243
2024-05-03 15:00:00,2024-05-03 16:00:00,264,306,2609,2897,2873,3203
2024-05-03 16:00:00,2024-05-03 17:00:00,402,519,2461,2573,2863,3092
2024-05-03 17:00:00,2024-05-03 18:00:00,403,678,1768,3015,2171,3693
2024-05-03 18:00:00,2024-05-03 19:00:00,1,13,94,347,95,360
2024-05-03 19:00:00,2024-05-03 20:00:00,0,0,0,0,0,0
2024-05-03 20:00:00,2024-05-03 21:00:00,0,0,0,0,0,0
2024-05-03 21:00:00,2024-05-03 22:00:00,0,4,0,0,0,4
2024-05-03 22:00:00,2024-05-03 23:00:00,0,0,0,0,0,0
2024-05-03 23:00:00,2024-05-04,0,6,0,0,0,6
2024-05-04,2024-05-04 01:00:00,0,0,0,0,0,0
2024-05-04 01:00:00,2024-05-04 02:00:00,0,0,0,0,0,0
2024-05-04 02:00:00,2024-05-04 03:00:00,0,0,0,0,0,0
2024-05-04 03:00:00,2024-05-04 04:00:00,0,0,0,0,0,0
2024-05-04 04:00:00,2024-05-04 05:00:00,0,0,0,0,0,0
2024-05-04 05:00:00,2024-05-04 06:00:00,0,0,0,0,0,0
2024-05-04 06:00:00,2024-05-04 07:00:00,0,0,0,0,0,0
2024-05-04 07:00:00,2024-05-04 08:00:00,0,0,178,859,178,859
2024-05-04 08:00:00,2024-05-04 09:00:00,0,0,268,483,268,483
2024-05-04 09:00:00,2024-05-04 10:00:00,0,0,192,351,192,351
2024-05-04 10:00:00,2024-05-04 11:00:00,0,0,42,55,42,55
2024-05-04 11:00:00,2024-05-04 12:00:00,0,0,33,45,33,45
2024-05-04 12:00:00,2024-05-04 13:00:00,5,33,13,7,18,40
2024-05-04 13:00:00,2024-05-04 14:00:00,0,0,8,21,8,21
2024-05-04 14:00:00,2024-05-04 15:00:00,0,0,5,10,5,10
2024-05-04 15:00:00,2024-05-04 16:00:00,0,0,2,3,2,3
2024-05-04 16:00:00,2024-05-04 17:00:00,0,0,0,2,0,2
2024-05-04 17:00:00,2024-05-04 18:00:00,0,0,0,0,0,0
2024-05-04 18:00:00,2024-05-04 19:00:00,13,37,0,0,13,37
2024-05-04 19:00:00,2024-05-04 20:00:00,0,0,0,0,0,0
2024-05-04 20:00:00,2024-05-04 21:00:00,0,0,0,0,0,0
2024-05-04 21:00:00,2024-05-04 22:00:00,0,0,0,0,0,0
2024-05-04 22:00:00,2024-05-04 23:00:00,0,0,0,0,0,0
2024-05-04 23:00:00,2024-05-05,0,0,0,0,0,0
2024-05-05,2024-05-05 01:00:00,4,29,0,0,4,29
2024-05-05 01:00:00,2024-05-05 02:00:00,43,62,0,0,43,62
2024-05-05 02:00:00,2024-05-05 03:00:00,47,75,0,0,47,75
2024-05-05 03:00:00,2024-05-05 04:00:00,22,42,0,0,22,42
2024-05-05 04:00:00,2024-05-05 05:00:00,28,41,0,0,28,41
2024-05-05 05:00:00,2024-05-05 06:00:00,3,9,0,0,3,9
2024-05-05 06:00:00,2024-05-05 07:00:00,0,0,0,0,0,0
2024-05-05 07:00:00,2024-05-05 08:00:00,110,336,699,1879,809,2215
2024-05-05 08:00:00,2024-05-05 09:00:00,276,412,1707,2138,1983,2550
2024-05-05 09:00:00,2024-05-05 10:00:00,319,316,2876,3643,3195,3959
2024-05-05 10:00:00,2024-05-05 11:00:00,455,620,3414,4094,3869,4714
2024-05-05 11:00:00,2024-05-05 12:00:00,755,834,4540,5309,5295,6143
2024-05-05 12:00:00,2024-05-05 13:00:00,790,900,5180,5414,5970,6314
2024-05-05 13:00:00,2024-05-05 14:00:00,744,818,4866,5083,5610,5901
2024-05-05 14:00:00,2024-05-05 15:00:00,768,721,5795,6313,6563,7034
2024-05-05 15:00:00,2024-05-05 16:00:00,797,819,5775,6341,6572,7160
2024-05-05 16:00:00,2024-05-05 17:00:00,770,1002,5163,5574,5933,6576
2024-05-05 17:00:00,2024-05-05 18:00:00,557,874,3029,4409,3586,5283
2024-05-05 18:00:00,2024-05-05 19:00:00,30,150,289,667,319,817
2024-05-05 19:00:00,2024-05-05 20:00:00,0,0,1,11,1,11
2024-05-05 20:00:00,2024-05-05 21:00:00,0,0,0,0,0,0
2024-05-05 21:00:00,2024-05-05 22:00:00,0,0,0,0,0,0
2024-05-05 22:00:00,2024-05-05 23:00:00,0,0,0,0,0,0
2024-05-05 23:00:00,2024-05-06,0,0,0,0,0,0
2024-05-06,2024-05-06 01:00:00,0,0,0,0,0,0
2024-05-06 01:00:00,2024-05-06 02:00:00,0,0,0,0,0,0
2024-05-06 02:00:00,2024-05-06 03:00:00,0,0,0,0,0,0
2024-05-06 03:00:00,2024-05-06 04:00:00,0,0,0,0,0,0
2024-05-06 04:00:00,2024-05-06 05:00:00,0,0,0,0,0,0
2024-05-06 05:00:00,2024-05-06 06:00:00,0,0,0,0,0,0
2024-05-06 06:00:00,2024-05-06 07:00:00,0,0,0,0,0,0
2024-05-06 07:00:00,2024-05-06 08:00:00,57,195,696,2021,753,2216
2024-05-06 08:00:00,2024-05-06 09:00:00,105,65,1358,2157,1463,2222
2024-05-06 09:00:00,2024-05-06 10:00:00,94,95,2517,3163,2611,3258
2024-05-06 10:00:00,2024-05-06 11:00:00,94,129,2631,3033,2725,3162
2024-05-06 11:00:00,2024-05-06 12:00:00,86,96,3087,3475,3173,3571
2024-05-06 12:00:00,2024-05-06 13:00:00,79,77,3152,3334,3231,3411
2024-05-06 13:00:00,2024-05-06 14:00:00,153,236,3209,3421,3362,3657
2024-05-06 14:00:00,2024-05-06 15:00:00,338,411,4171,4777,4509,5188
2024-05-06 15:00:00,2024-05-06 16:00:00,450,551,5321,5427,5771,5978
2024-05-06 16:00:00,2024-05-06 17:00:00,431,508,3879,5248,4310,5756
2024-05-06 17:00:00,2024-05-06 18:00:00,347,580,2006,3479,2353,4059
2024-05-06 18:00:00,2024-05-06 19:00:00,28,157,147,447,175,604
2024-05-06 19:00:00,2024-05-06 20:00:00,0,0,0,0,0,0
2024-05-06 20:00:00,2024-05-06 21:00:00,0,0,0,0,0,0
2024-05-06 21:00:00,2024-05-06 22:00:00,0,0,0,0,0,0
2024-05-06 22:00:00,2024-05-06 23:00:00,0,0,0,0,0,0
2024-05-06 23:00:00,2024-05-07,0,0,0,0,0,0
2024-05-07,2024-05-07 01:00:00,0,0,0,0,0,0
2024-05-07 01:00:00,2024-05-07 02:00:00,0,0,0,0,0,0
2024-05-07 02:00:00,2024-05-07 03:00:00,0,0,0,0,0,0
2024-05-07 03:00:00,2024-05-07 04:00:00,0,0,0,0,0,0
2024-05-07 04:00:00,2024-05-07 05:00:00,0,0,0,0,0,0
2024-05-07 05:00:00,2024-05-07 06:00:00,0,0,0,0,0,0
2024-05-07 06:00:00,2024-05-07 07:00:00,0,0,1,5,1,5
2024-05-07 07:00:00,2024-05-07 08:00:00,107,241,900,2139,1007,2380
2024-05-07 08:00:00,2024-05-07 09:00:00,194,237,2672,3337,2866,3574
2024-05-07 09:00:00,2024-05-07 10:00:00,300,466,3754,4365,4054,4831
2024-05-07 10:00:00,2024-05-07 11:00:00,549,586,4578,5184,5127,5770
2024-05-07 11:00:00,2024-05-07 12:00:00,687,671,4526,5175,5213,5846
2024-05-07 12:00:00,2024-05-07 13:00:00,776,875,4961,5533,5737,6408
2024-05-07 13:00:00,2024-05-07 14:00:00,849,1006,5554,5997,6403,7003
2024-05-07 14:00:00,2024-05-07 15:00:00,843,943,5577,6225,6420,7168
2024-05-07 15:00:00,2024-05-07 16:00:00,802,911,5472,6279,6274,7190
2024-05-07 16:00:00,2024-05-07 17:00:00,353,571,3409,3857,3762,4428
2024-05-07 17:00:00,2024-05-07 18:00:00,345,470,2305,3662,2650,4132
2024-05-07 18:00:00,2024-05-07 19:00:00,50,306,190,760,240,1066
2024-05-07 19:00:00,2024-05-07 20:00:00,0,0,2,14,2,14
2024-05-07 20:00:00,2024-05-07 21:00:00,0,0,0,0,0,0
2024-05-07 21:00:00,2024-05-07 22:00:00,0,0,0,0,0,0
2024-05-07 22:00:00,2024-05-07 23:00:00,0,0,0,0,0,0
2024-05-07 23:00:00,2024-05-08,0,0,0,0,0,0
2024-05-08,2024-05-08 01:00:00,0,0,0,0,0,0
2024-05-08 01:00:00,2024-05-08 02:00:00,0,0,0,0,0,0
2024-05-08 02:00:00,2024-05-08 03:00:00,0,0,0,0,0,0
2024-05-08 03:00:00,2024-05-08 04:00:00,0,1,0,0,0,1
2024-05-08 04:00:00,2024-05-08 05:00:00,0,0,0,0,0,0
2024-05-08 05:00:00,2024-05-08 06:00:00,0,0,0,0,0,0
2024-05-08 06:00:00,2024-05-08 07:00:00,0,2,0,0,0,2
2024-05-08 07:00:00,2024-05-08 08:00:00,5,21,409,1157,414,1178
2024-05-08 08:00:00,2024-05-08 09:00:00,13,75,1380,2247,1393,2322
2024-05-08 09:00:00,2024-05-08 10:00:00,65,127,2922,3574,2987,3701
2024-05-08 10:00:00,2024-05-08 11:00:00,117,152,2962,3320,3079,3472
2024-05-08 11:00:00,2024-05-08 12:00:00,131,122,3615,3794,3746,3916
2024-05-08 12:00:00,2024-05-08 13:00:00,108,98,3844,4020,3952,4118
2024-05-08 13:00:00,2024-05-08 14:00:00,61,92,3145,4714,3206,4806
2024-05-08 14:00:00,2024-05-08 15:00:00,76,149,4627,4869,4703,5018
2024-05-08 15:00:00,2024-05-08 16:00:00,67,95,3848,4338,3915,4433
2024-05-08 16:00:00,2024-05-08 17:00:00,18,42,1969,3130,1987,3172
2024-05-08 17:00:00,2024-05-08 18:00:00,2,16,887,1560,889,1576
2024-05-08 18:00:00,2024-05-08 19:00:00,0,0,149,515,149,515
2024-05-08 19:00:00,2024-05-08 20:00:00,0,0,0,0,0,0
2024-05-08 20:00:00,2024-05-08 21:00:00,0,0,0,0,0,0
2024-05-08 21:00:00,2024-05-08 22:00:00,33,99,0,0,33,99
2024-05-08 22:00:00,2024-05-08 23:00:00,31,83,0,0,31,83
2024-05-08 23:00:00,2024-05-09,19,75,0,0,19,75
2024-05-09,2024-05-09 01:00:00,0,0,0,0,0,0
2024-05-09 01:00:00,2024-05-09 02:00:00,0,0,0,0,0,0
2024-05-09 02:00:00,2024-05-09 03:00:00,0,0,0,0,0,0
2024-05-09 03:00:00,2024-05-09 04:00:00,0,0,0,0,0,0
2024-05-09 04:00:00,2024-05-09 05:00:00,0,0,0,0,0,0
2024-05-09 05:00:00,2024-05-09 06:00:00,0,0,0,0,0,0
2024-05-09 06:00:00,2024-05-09 07:00:00,18,64,0,0,18,64
2024-05-09 07:00:00,2024-05-09 08:00:00,5,8,366,882,371,890
2024-05-09 08:00:00,2024-05-09 09:00:00,3,0,716,1036,719,1036
2024-05-09 09:00:00,2024-05-09 10:00:00,26,77,912,1044,938,1121
2024-05-09 10:00:00,2024-05-09 11:00:00,2,0,840,1070,842,1070
2024-05-09 11:00:00,2024-05-09 12:00:00,15,0,1261,1483,1276,1483
2024-05-09 12:00:00,2024-05-09 13:00:00,50,89,1166,1258,1216,1347
2024-05-09 13:00:00,2024-05-09 14:00:00,39,73,1292,1469,1331,1542
2024-05-09 14:00:00,2024-05-09 15:00:00,17,29,1006,1594,1023,1623
2024-05-09 15:00:00,2024-05-09 16:00:00,10,8,1474,1617,1484,1625
2024-05-09 16:00:00,2024-05-09 17:00:00,1,0,1261,1419,1262,1419
2024-05-09 17:00:00,2024-05-09 18:00:00,1,0,561,1021,562,1021
2024-05-09 18:00:00,2024-05-09 19:00:00,0,0,62,175,62,175
2024-05-09 19:00:00,2024-05-09 20:00:00,0,0,0,0,0,0
2024-05-09 20:00:00,2024-05-09 21:00:00,0,0,0,0,0,0
2024-05-09 21:00:00,2024-05-09 22:00:00,0,0,0,0,0,0
2024-05-09 22:00:00,2024-05-09 23:00:00,0,0,0,0,0,0
2024-05-09 23:00:00,2024-05-10,0,0,0,0,0,0
2024-05-10,2024-05-10 01:00:00,0,0,0,0,0,0
2024-05-10 01:00:00,2024-05-10 02:00:00,0,0,0,0,0,0
2024-05-10 02:00:00,2024-05-10 03:00:00,0,0,0,0,0,0
2024-05-10 03:00:00,2024-05-10 04:00:00,0,0,0,0,0,0
2024-05-10 04:00:00,2024-05-10 05:00:00,0,0,0,0,0,0
2024-05-10 05:00:00,2024-05-10 06:00:00,0,0,0,0,0,0
2024-05-10 06:00:00,2024-05-10 07:00:00,0,0,0,0,0,0
2024-05-10 07:00:00,2024-05-10 08:00:00,0,0,220,533,220,533
2024-05-10 08:00:00,2024-05-10 09:00:00,1,3,467,684,468,687
2024-05-10 09:00:00,2024-05-10 10:00:00,12,39,765,853,777,892
2024-05-10 10:00:00,2024-05-10 11:00:00,11,14,713,800,724,814
2024-05-10 11:00:00,2024-05-10 12:00:00,16,31,907,1260,923,1291
2024-05-10 12:00:00,2024-05-10 13:00:00,4,0,540,809,544,809
2024-05-10 13:00:00,2024-05-10 14:00:00,0,0,578,717,578,717
2024-05-10 14:00:00,2024-05-10 15:00:00,0,0,318,409,318,409
2024-05-10 15:00:00,2024-05-10 16:00:00,1,1,644,775,645,776
2024-05-10 16:00:00,2024-05-10 17:00:00,0,0,513,640,513,640
2024-05-10 17:00:00,2024-05-10 18:00:00,0,0,289,423,289,423
2024-05-10 18:00:00,2024-05-10 19:00:00,0,0,80,199,80,199
2024-05-10 19:00:00,2024-05-10 20:00:00,0,0,0,0,0,0
2024-05-10 20:00:00,2024-05-10 21:00:00,0,0,0,0,0,0
2024-05-10 21:00:00,2024-05-10 22:00:00,3,6,0,0,3,6
2024-05-10 22:00:00,2024-05-10 23:00:00,0,0,0,0,0,0
2024-05-10 23:00:00,2024-05-11,0,0,0,0,0,0
2024-05-11,2024-05-11 01:00:00,0,0,0,0,0,0
2024-05-11 01:00:00,2024-05-11 02:00:00,0,0,0,0,0,0
2024-05-11 02:00:00,2024-05-11 03:00:00,0,0,0,0,0,0
2024-05-11 03:00:00,2024-05-11 04:00:00,0,0,0,0,0,0
2024-05-11 04:00:00,2024-05-11 05:00:00,0,0,0,0,0,0
2024-05-11 05:00:00,2024-05-11 06:00:00,0,0,0,0,0,0
2024-05-11 06:00:00,2024-05-11 07:00:00,0,0,0,0,0,0
2024-05-11 07:00:00,2024-05-11 08:00:00,10,55,517,1661,527,1716
2024-05-11 08:00:00,2024-05-11 09:00:00,55,60,1474,1923,1529,1983
2024-05-11 09:00:00,2024-05-11 10:00:00,39,35,2018,2197,2057,2232
2024-05-11 10:00:00,2024-05-11 11:00:00,25,27,2108,2338,2133,2365
2024-05-11 11:00:00,2024-05-11 12:00:00,32,32,1580,1842,1612,1874
2024-05-11 12:00:00,2024-05-11 13:00:00,50,62,1757,2072,1807,2134
2024-05-11 13:00:00,2024-05-11 14:00:00,64,99,1944,2007,2008,2106
2024-05-11 14:00:00,2024-05-11 15:00:00,123,119,1967,2090,2090,2209
2024-05-11 15:00:00,2024-05-11 16:00:00,171,151,2216,2506,2387,2657
2024-05-11 16:00:00,2024-05-11 17:00:00,116,176,1410,1854,1526,2030
2024-05-11 17:00:00,2024-05-11 18:00:00,117,206,921,1625,1038,1831
2024-05-11 18:00:00,2024-05-11 19:00:00,0,0,35,76,35,76
2024-05-11 19:00:00,2024-05-11 20:00:00,0,0,0,2,0,2
2024-05-11 20:00:00,2024-05-11 21:00:00,0,0,0,0,0,0
2024-05-11 21:00:00,2024-05-11 22:00:00,0,0,0,0,0,0
2024-05-11 22:00:00,2024-05-11 23:00:00,0,0,0,0,0,0
2024-05-11 23:00:00,2024-05-12,0,0,0,0,0,0
2024-05-12,2024-05-12 01:00:00,0,0,0,0,0,0
2024-05-12 01:00:00,2024-05-12 02:00:00,0,0,0,0,0,0
2024-05-12 02:00:00,2024-05-12 03:00:00,0,0,0,0,0,0
2024-05-12 03:00:00,2024-05-12 04:00:00,0,0,0,0,0,0
2024-05-12 04:00:00,2024-05-12 05:00:00,0,0,0,0,0,0
2024-05-12 05:00:00,2024-05-12 06:00:00,0,0,0,0,0,0
2024-05-12 06:00:00,2024-05-12 07:00:00,0,0,0,0,0,0
2024-05-12 07:00:00,2024-05-12 08:00:00,65,249,582,1708,647,1957
2024-05-12 08:00:00,2024-05-12 09:00:00,176,245,1770,2249,1946,2494
2024-05-12 09:00:00,2024-05-12 10:00:00,209,169,2201,2397,2410,2566
2024-05-12 10:00:00,2024-05-12 11:00:00,147,129,2414,2959,2561,3088
2024-05-12 11:00:00,2024-05-12 12:00:00,109,148,2690,2769,2799,2917
2024-05-12 12:00:00,2024-05-12 13:00:00,90,108,2310,2403,2400,2511
2024-05-12 13:00:00,2024-05-12 14:00:00,104,114,2693,2961,2797,3075
2024-05-12 14:00:00,2024-05-12 15:00:00,134,112,2718,2957,2852,3069
2024-05-12 15:00:00,2024-05-12 16:00:00,152,210,2465,3320,2617,3530
2024-05-12 16:00:00,2024-05-12 17:00:00,185,214,1515,1857,1700,2071
2024-05-12 17:00:00,2024-05-12 18:00:00,43,165,709,1221,752,1386
2024-05-12 18:00:00,2024-05-12 19:00:00,0,0,56,227,56,227
2024-05-12 19:00:00,2024-05-12 20:00:00,0,0,0,0,0,0
2024-05-12 20:00:00,2024-05-12 21:00:00,0,0,0,0,0,0
2024-05-12 21:00:00,2024-05-12 22:00:00,0,0,0,0,0,0
2024-05-12 22:00:00,2024-05-12 23:00:00,0,0,0,0,0,0
2024-05-12 23:00:00,2024-05-13,0,0,0,0,0,0
2024-05-13,2024-05-13 01:00:00,0,0,0,0,0,0
2024-05-13 01:00:00,2024-05-13 02:00:00,0,0,0,0,0,0
2024-05-13 02:00:00,2024-05-13 03:00:00,0,0,0,0,0,0
2024-05-13 03:00:00,2024-05-13 04:00:00,0,0,0,0,0,0
2024-05-13 04:00:00,2024-05-13 05:00:00,0,0,0,0,0,0
2024-05-13 05:00:00,2024-05-13 06:00:00,0,0,0,0,0,0
2024-05-13 06:00:00,2024-05-13 07:00:00,0,0,0,0,0,0
2024-05-13 07:00:00,2024-05-13 08:00:00,0,0,254,623,254,623
2024-05-13 08:00:00,2024-05-13 09:00:00,0,0,674,722,674,722
2024-05-13 09:00:00,2024-05-13 10:00:00,0,0,735,810,735,810
2024-05-13 10:00:00,2024-05-13 11:00:00,0,0,468,502,468,502
2024-05-13 11:00:00,2024-05-13 12:00:00,0,0,358,417,358,417
2024-05-13 12:00:00,2024-05-13 13:00:00,0,0,704,773,704,773
2024-05-13 13:00:00,2024-05-13 14:00:00,0,0,849,963,849,963
2024-05-13 14:00:00,2024-05-13 15:00:00,0,0,1028,1206,1028,1206
2024-05-13 15:00:00,2024-05-13 16:00:00,5,0,829,988,834,988
2024-05-13 16:00:00,2024-05-13 17:00:00,10,10,647,1096,657,1106
2024-05-13 17:00:00,2024-05-13 18:00:00,10,10,349,599,359,609
2024-05-13 18:00:00,2024-05-13 19:00:00,7,10,93,309,100,319
2024-05-13 19:00:00,2024-05-13 20:00:00,0,0,1,8,1,8
2024-05-13 20:00:00,2024-05-13 21:00:00,4,7,0,0,4,7
2024-05-13 21:00:00,2024-05-13 22:00:00,4,5,0,0,4,5
2024-05-13 22:00:00,2024-05-13 23:00:00,0,0,0,0,0,0
2024-05-13 23:00:00,2024-05-14,0,0,0,0,0,0
2024-05-14,2024-05-14 01:00:00,0,0,0,0,0,0
2024-05-14 01:00:00,2024-05-14 02:00:00,0,0,0,0,0,0
2024-05-14 02:00:00,2024-05-14 03:00:00,0,0,0,0,0,0
2024-05-14 03:00:00,2024-05-14 04:00:00,0,0,0,0,0,0
2024-05-14 04:00:00,2024-05-14 05:00:00,0,0,0,0,0,0
2024-05-14 05:00:00,2024-05-14 06:00:00,0,0,0,0,0,0
2024-05-14 06:00:00,2024-05-14 07:00:00,0,0,0,0,0,0
2024-05-14 07:00:00,2024-05-14 08:00:00,6,76,242,992,248,1068
2024-05-14 08:00:00,2024-05-14 09:00:00,19,71,562,991,581,1062
2024-05-14 09:00:00,2024-05-14 10:00:00,28,73,1060,1736,1088,1809
2024-05-14 10:00:00,2024-05-14 11:00:00,48,88,999,1197,1047,1285
2024-05-14 11:00:00,2024-05-14 12:00:00,3,4,782,979,785,983
2024-05-14 12:00:00,2024-05-14 13:00:00,6,0,583,687,589,687
2024-05-14 13:00:00,2024-05-14 14:00:00,0,0,361,446,361,446
2024-05-14 14:00:00,2024-05-14 15:00:00,0,0,571,663,571,663
2024-05-14 15:00:00,2024-05-14 16:00:00,0,0,906,994,906,994
2024-05-14 16:00:00,2024-05-14 17:00:00,0,0,738,928,738,928
2024-05-14 17:00:00,2024-05-14 18:00:00,0,0,367,754,367,754
2024-05-14 18:00:00,2024-05-14 19:00:00,0,0,9,49,9,49
2024-05-14 19:00:00,2024-05-14 20:00:00,13,38,0,0,13,38
2024-05-14 20:00:00,2024-05-14 21:00:00,1,8,0,0,1,8
2024-05-14 21:00:00,2024-05-14 22:00:00,0,0,0,0,0,0
2024-05-14 22:00:00,2024-05-14 23:00:00,0,0,0,0,0,0
2024-05-14 23:00:00,2024-05-15,0,0,0,0,0,0
2024-05-15,2024-05-15 01:00:00,0,0,0,0,0,0
2024-05-15 01:00:00,2024-05-15 02:00:00,0,0,0,0,0,0
2024-05-15 02:00:00,2024-05-15 03:00:00,0,0,0,0,0,0
2024-05-15 03:00:00,2024-05-15 04:00:00,0,0,0,0,0,0
2024-05-15 04:00:00,2024-05-15 05:00:00,0,0,0,0,0,0
2024-05-15 05:00:00,2024-05-15 06:00:00,0,0,0,0,0,0
2024-05-15 06:00:00,2024-05-15 07:00:00,0,0,0,0,0,0
2024-05-15 07:00:00,2024-05-15 08:00:00,0,0,51,264,51,264
2024-05-15 08:00:00,2024-05-15 09:00:00,0,0,100,192,100,192
2024-05-15 09:00:00,2024-05-15 10:00:00,0,0,160,209,160,209
2024-05-15 10:00:00,2024-05-15 11:00:00,0,0,175,184,175,184
2024-05-15 11:00:00,2024-05-15 12:00:00,0,0,196,202,196,202
2024-05-15 12:00:00,2024-05-15 13:00:00,0,0,247,271,247,271
2024-05-15 13:00:00,2024-05-15 14:00:00,0,0,189,206,189,206
2024-05-15 14:00:00,2024-05-15 15:00:00,0,0,233,448,233,448
2024-05-15 15:00:00,2024-05-15 16:00:00,0,0,145,163,145,163
2024-05-15 16:00:00,2024-05-15 17:00:00,0,0,119,130,119,130
2024-05-15 17:00:00,2024-05-15 18:00:00,0,0,173,366,173,366
2024-05-15 18:00:00,2024-05-15 19:00:00,0,0,30,90,30,90
2024-05-15 19:00:00,2024-05-15 20:00:00,0,0,0,0,0,0
2024-05-15 20:00:00,2024-05-15 21:00:00,0,0,0,0,0,0
2024-05-15 21:00:00,2024-05-15 22:00:00,0,0,0,0,0,0
2024-05-15 22:00:00,2024-05-15 23:00:00,0,0,0,0,0,0
2024-05-15 23:00:00,2024-05-16,0,0,0,0,0,0
2024-05-16,2024-05-16 01:00:00,0,0,0,0,0,0
2024-05-16 01:00:00,2024-05-16 02:00:00,0,0,0,0,0,0
2024-05-16 02:00:00,2024-05-16 03:00:00,0,0,0,0,0,0
2024-05-16 03:00:00,2024-05-16 04:00:00,0,0,0,0,0,0
2024-05-16 04:00:00,2024-05-16 05:00:00,0,0,0,0,0,0
2024-05-16 05:00:00,2024-05-16 06:00:00,3,7,0,0,3,7
2024-05-16 06:00:00,2024-05-16 07:00:00,0,0,2,12,2,12
2024-05-16 07:00:00,2024-05-16 08:00:00,3,20,129,476,132,496
2024-05-16 08:00:00,2024-05-16 09:00:00,21,34,617,898,638,932
2024-05-16 09:00:00,2024-05-16 10:00:00,24,30,946,1044,970,1074
2024-05-16 10:00:00,2024-05-16 11:00:00,0,0,698,745,698,745
2024-05-16 11:00:00,2024-05-16 12:00:00,2,0,578,687,580,687
2024-05-16 12:00:00,2024-05-16 13:00:00,21,53,564,764,585,817
2024-05-16 13:00:00,2024-05-16 14:00:00,120,168,1230,1625,1350,1793
2024-05-16 14:00:00,2024-05-16 15:00:00,237,333,1852,2287,2089,2620
2024-05-16 15:00:00,2024-05-16 16:00:00,311,366,2304,2399,2615,2765
2024-05-16 16:00:00,2024-05-16 17:00:00,398,599,2306,2872,2704,3471
2024-05-16 17:00:00,2024-05-16 18:00:00,201,302,1149,2330,1350,2632
2024-05-16 18:00:00,2024-05-16 19:00:00,0,0,52,194,52,194
2024-05-16 19:00:00,2024-05-16 20:00:00,0,0,0,0,0,0
2024-05-16 20:00:00,2024-05-16 21:00:00,0,0,0,0,0,0
2024-05-16 21:00:00,2024-05-16 22:00:00,0,0,0,0,0,0
2024-05-16 22:00:00,2024-05-16 23:00:00,0,0,0,0,0,0
2024-05-16 23:00:00,2024-05-17,0,0,0,0,0,0
2024-05-17,2024-05-17 01:00:00,0,0,0,0,0,0
2024-05-17 01:00:00,2024-05-17 02:00:00,6,12,0,0,6,12
2024-05-17 02:00:00,2024-05-17 03:00:00,2,12,0,0,2,12
2024-05-17 03:00:00,2024-05-17 04:00:00,0,3,0,0,0,3
2024-05-17 04:00:00,2024-05-17 05:00:00,0,0,0,0,0,0
2024-05-17 05:00:00,2024-05-17 06:00:00,0,0,0,0,0,0
2024-05-17 06:00:00,2024-05-17 07:00:00,0,0,1,10,1,10
2024-05-17 07:00:00,2024-05-17 08:00:00,59,194,705,1625,764,1819
2024-05-17 08:00:00,2024-05-17 09:00:00,93,352,1239,1670,1332,2022
2024-05-17 09:00:00,2024-05-17 10:00:00,60,175,1581,1616,1641,1791
2024-05-17 10:00:00,2024-05-17 11:00:00,17,15,1427,1652,1444,1667
2024-05-17 11:00:00,2024-05-17 12:00:00,18,51,1058,1401,1076,1452
2024-05-17 12:00:00,2024-05-17 13:00:00,67,5,1983,2199,2050,2204
2024-05-17 13:00:00,2024-05-17 14:00:00,193,278,2491,2683,2684,2961
2024-05-17 14:00:00,2024-05-17 15:00:00,401,613,2964,3251,3365,3864
2024-05-17 15:00:00,2024-05-17 16:00:00,672,739,3075,3518,3747,4257
2024-05-17 16:00:00,2024-05-17 17:00:00,737,836,3473,3900,4210,4736
2024-05-17 17:00:00,2024-05-17 18:00:00,553,784,1989,3485,2542,4269
2024-05-17 18:00:00,2024-05-17 19:00:00,7,14,114,374,121,388
2024-05-17 19:00:00,2024-05-17 20:00:00,0,0,0,1,0,1
2024-05-17 20:00:00,2024-05-17 21:00:00,0,0,0,0,0,0
2024-05-17 21:00:00,2024-05-17 22:00:00,0,0,0,0,0,0
2024-05-17 22:00:00,2024-05-17 23:00:00,0,0,0,0,0,0
2024-05-17 23:00:00,2024-05-18,0,0,0,0,0,0
2024-05-18,2024-05-18 01:00:00,0,0,0,0,0,0
2024-05-18 01:00:00,2024-05-18 02:00:00,0,0,0,0,0,0
2024-05-18 02:00:00,2024-05-18 03:00:00,0,0,0,0,0,0
2024-05-18 03:00:00,2024-05-18 04:00:00,0,0,0,0,0,0
2024-05-18 04:00:00,2024-05-18 05:00:00,0,0,0,0,0,0
2024-05-18 05:00:00,2024-05-18 06:00:00,0,0,0,0,0,0
2024-05-18 06:00:00,2024-05-18 07:00:00,0,0,37,123,37,123
2024-05-18 07:00:00,2024-05-18 08:00:00,13,30,380,869,393,899
2024-05-18 08:00:00,2024-05-18 09:00:00,42,74,706,1200,748,1274
2024-05-18 09:00:00,2024-05-18 10:00:00,221,388,1599,2177,1820,2565
2024-05-18 10:00:00,2024-05-18 11:00:00,303,356,1899,2074,2202,2430
2024-05-18 11:00:00,2024-05-18 12:00:00,273,253,1869,2166,2142,2419
2024-05-18 12:00:00,2024-05-18 13:00:00,431,559,2878,3382,3309,3941
2024-05-18 13:00:00,2024-05-18 14:00:00,502,747,2911,3366,3413,4113
2024-05-18 14:00:00,2024-05-18 15:00:00,651,632,3523,3905,4174,4537
2024-05-18 15:00:00,2024-05-18 16:00:00,760,869,3506,4078,4266,4947
2024-05-18 16:00:00,2024-05-18 17:00:00,372,835,2524,3425,2896,4260
2024-05-18 17:00:00,2024-05-18 18:00:00,103,243,1492,2575,1595,2818
2024-05-18 18:00:00,2024-05-18 19:00:00,4,12,58,167,62,179
2024-05-18 19:00:00,2024-05-18 20:00:00,0,0,0,0,0,0
2024-05-18 20:00:00,2024-05-18 21:00:00,0,0,0,0,0,0
2024-05-18 21:00:00,2024-05-18 22:00:00,0,0,0,0,0,0
2024-05-18 22:00:00,2024-05-18 23:00:00,0,0,0,0,0,0
2024-05-18 23:00:00,2024-05-19,0,0,0,0,0,0
2024-05-19,2024-05-19 01:00:00,0,0,0,0,0,0
2024-05-19 01:00:00,2024-05-19 02:00:00,0,0,0,0,0,0
2024-05-19 02:00:00,2024-05-19 03:00:00,0,0,0,0,0,0
2024-05-19 03:00:00,2024-05-19 04:00:00,0,0,0,0,0,0
2024-05-19 04:00:00,2024-05-19 05:00:00,0,0,0,0,0,0
2024-05-19 05:00:00,2024-05-19 06:00:00,0,0,0,0,0,0
2024-05-19 06:00:00,2024-05-19 07:00:00,171,561,418,1388,589,1949
2024-05-19 07:00:00,2024-05-19 08:00:00,496,881,2327,3466,2823,4347
2024-05-19 08:00:00,2024-05-19 09:00:00,764,773,3392,3852,4156,4625
2024-05-19 09:00:00,2024-05-19 10:00:00,786,822,5262,5967,6048,6789
2024-05-19 10:00:00,2024-05-19 11:00:00,888,912,5856,6624,6744,7536
2024-05-19 11:00:00,2024-05-19 12:00:00,948,969,5778,6280,6726,7249
2024-05-19 12:00:00,2024-05-19 13:00:00,982,1029,5936,6256,6918,7285
2024-05-19 13:00:00,2024-05-19 14:00:00,948,976,5409,5611,6357,6587
2024-05-19 14:00:00,2024-05-19 15:00:00,940,919,5501,5767,6441,6686
2024-05-19 15:00:00,2024-05-19 16:00:00,883,890,4662,5164,5545,6054
2024-05-19 16:00:00,2024-05-19 17:00:00,812,878,3155,4061,3967,4939
2024-05-19 17:00:00,2024-05-19 18:00:00,384,729,1817,2937,2201,3666
2024-05-19 18:00:00,2024-05-19 19:00:00,6,13,67,221,73,234
2024-05-19 19:00:00,2024-05-19 20:00:00,0,0,0,0,0,0
2024-05-19 20:00:00,2024-05-19 21:00:00,0,0,0,0,0,0
2024-05-19 21:00:00,2024-05-19 22:00:00,0,0,0,0,0,0
2024-05-19 22:00:00,2024-05-19 23:00:00,0,0,0,0,0,0
2024-05-19 23:00:00,2024-05-20,0,0,0,0,0,0
2024-05-20,2024-05-20 01:00:00,0,0,0,0,0,0
2024-05-20 01:00:00,2024-05-20 02:00:00,0,0,0,0,0,0
2024-05-20 02:00:00,2024-05-20 03:00:00,0,0,0,0,0,0
2024-05-20 03:00:00,2024-05-20 04:00:00,0,0,0,0,0,0
2024-05-20 04:00:00,2024-05-20 05:00:00,0,0,0,0,0,0
2024-05-20 05:00:00,2024-05-20 06:00:00,2,22,0,0,2,22
2024-05-20 06:00:00,2024-05-20 07:00:00,0,0,11,76,11,76
2024-05-20 07:00:00,2024-05-20 08:00:00,0,0,225,340,225,340
2024-05-20 08:00:00,2024-05-20 09:00:00,0,0,140,199,140,199
2024-05-20 09:00:00,2024-05-20 10:00:00,0,0,479,782,479,782
2024-05-20 10:00:00,2024-05-20 11:00:00,0,0,767,803,767,803
2024-05-20 11:00:00,2024-05-20 12:00:00,3,7,784,1038,787,1045
2024-05-20 12:00:00,2024-05-20 13:00:00,9,10,1067,1176,1076,1186
2024-05-20 13:00:00,2024-05-20 14:00:00,7,3,1182,1609,1189,1612
2024-05-20 14:00:00,2024-05-20 15:00:00,6,25,1531,2042,1537,2067
2024-05-20 15:00:00,2024-05-20 16:00:00,8,1,1803,2002,1811,2003
2024-05-20 16:00:00,2024-05-20 17:00:00,260,409,2314,2590,2574,2999
2024-05-20 17:00:00,2024-05-20 18:00:00,42,299,2008,2775,2050,3074
2024-05-20 18:00:00,2024-05-20 19:00:00,4,0,296,1081,300,1081
2024-05-20 19:00:00,2024-05-20 20:00:00,10,54,0,0,10,54
2024-05-20 20:00:00,2024-05-20 21:00:00,32,63,0,0,32,63
2024-05-20 21:00:00,2024-05-20 22:00:00,11,47,0,0,11,47
2024-05-20 22:00:00,2024-05-20 23:00:00,16,58,0,0,16,58
2024-05-20 23:00:00,2024-05-21,14,72,0,0,14,72
2024-05-21,2024-05-21 01:00:00,0,0,0,0,0,0
2024-05-21 01:00:00,2024-05-21 02:00:00,0,0,0,0,0,0
2024-05-21 02:00:00,2024-05-21 03:00:00,0,0,0,0,0,0
2024-05-21 03:00:00,2024-05-21 04:00:00,0,0,0,0,0,0
2024-05-21 04:00:00,2024-05-21 05:00:00,0,0,0,0,0,0
2024-05-21 05:00:00,2024-05-21 06:00:00,0,0,0,0,0,0
2024-05-21 06:00:00,2024-05-21 07:00:00,0,0,40,288,40,288
2024-05-21 07:00:00,2024-05-21 08:00:00,0,0,1347,2336,1347,2336
2024-05-21 08:00:00,2024-05-21 09:00:00,0,0,2216,2633,2216,2633
2024-05-21 09:00:00,2024-05-21 10:00:00,0,0,3039,3329,3039,3329
2024-05-21 10:00:00,2024-05-21 11:00:00,4,12,2958,3328,2962,3340
2024-05-21 11:00:00,2024-05-21 12:00:00,1,4,2792,3017,2793,3021
2024-05-21 12:00:00,2024-05-21 13:00:00,8,5,3192,3464,3200,3469
2024-05-21 13:00:00,2024-05-21 14:00:00,13,27,3297,3690,3310,3717
2024-05-21 14:00:00,2024-05-21 15:00:00,49,44,3426,3954,3475,3998
2024-05-21 15:00:00,2024-05-21 16:00:00,41,61,3547,3863,3588,3924
2024-05-21 16:00:00,2024-05-21 17:00:00,0,1,2586,3379,2586,3380
2024-05-21 17:00:00,2024-05-21 18:00:00,2,7,1874,2615,1876,2622
2024-05-21 18:00:00,2024-05-21 19:00:00,1,0,227,748,228,748
2024-05-21 19:00:00,2024-05-21 20:00:00,0,0,0,0,0,0
2024-05-21 20:00:00,2024-05-21 21:00:00,0,0,0,0,0,0
2024-05-21 21:00:00,2024-05-21 22:00:00,0,0,0,0,0,0
2024-05-21 22:00:00,2024-05-21 23:00:00,2,10,0,0,2,10
2024-05-21 23:00:00,2024-05-22,0,0,0,0,0,0
2024-05-22,2024-05-22 01:00:00,0,0,0,0,0,0
2024-05-22 01:00:00,2024-05-22 02:00:00,0,0,0,0,0,0
2024-05-22 02:00:00,2024-05-22 03:00:00,0,2,0,0,0,2
2024-05-22 03:00:00,2024-05-22 04:00:00,0,5,0,0,0,5
2024-05-22 04:00:00,2024-05-22 05:00:00,2,4,0,0,2,4
2024-05-22 05:00:00,2024-05-22 06:00:00,2,13,0,0,2,13
2024-05-22 06:00:00,2024-05-22 07:00:00,11,8,7,79,18,87
2024-05-22 07:00:00,2024-05-22 08:00:00,1,0,731,1373,732,1373
2024-05-22 08:00:00,2024-05-22 09:00:00,2,0,1330,1537,1332,1537
2024-05-22 09:00:00,2024-05-22 10:00:00,10,24,2201,2673,2211,2697
2024-05-22 10:00:00,2024-05-22 11:00:00,26,33,1941,2452,1967,2485
2024-05-22 11:00:00,2024-05-22 12:00:00,29,32,2336,2418,2365,2450
2024-05-22 12:00:00,2024-05-22 13:00:00,48,141,2325,2676,2373,2817
2024-05-22 13:00:00,2024-05-22 14:00:00,105,360,1165,2495,1270,2855
2024-05-22 14:00:00,2024-05-22 15:00:00,392,457,3110,3375,3502,3832
2024-05-22 15:00:00,2024-05-22 16:00:00,670,694,3561,3744,4231,4438
2024-05-22 16:00:00,2024-05-22 17:00:00,760,837,3607,4037,4367,4874
2024-05-22 17:00:00,2024-05-22 18:00:00,355,455,2826,3851,3181,4306
2024-05-22 18:00:00,2024-05-22 19:00:00,5,0,265,1029,270,1029
2024-05-22 19:00:00,2024-05-22 20:00:00,1,2,0,2,1,4
2024-05-22 20:00:00,2024-05-22 21:00:00,0,0,0,0,0,0
2024-05-22 21:00:00,2024-05-22 22:00:00,0,0,0,0,0,0
2024-05-22 22:00:00,2024-05-22 23:00:00,0,0,0,0,0,0
2024-05-22 23:00:00,2024-05-23,0,0,0,0,0,0
2024-05-23,2024-05-23 01:00:00,0,0,0,0,0,0
2024-05-23 01:00:00,2024-05-23 02:00:00,0,0,0,0,0,0
2024-05-23 02:00:00,2024-05-23 03:00:00,0,0,0,0,0,0
2024-05-23 03:00:00,2024-05-23 04:00:00,0,0,0,0,0,0
2024-05-23 04:00:00,2024-05-23 05:00:00,0,0,0,0,0,0
2024-05-23 05:00:00,2024-05-23 06:00:00,0,0,0,0,0,0
2024-05-23 06:00:00,2024-05-23 07:00:00,0,0,11,123,11,123
2024-05-23 07:00:00,2024-05-23 08:00:00,123,351,1127,2094,1250,2445
2024-05-23 08:00:00,2024-05-23 09:00:00,134,162,2199,2676,2333,2838
2024-05-23 09:00:00,2024-05-23 10:00:00,135,136,3063,3198,3198,3334
2024-05-23 10:00:00,2024-05-23 11:00:00,118,123,2757,2858,2875,2981
2024-05-23 11:00:00,2024-05-23 12:00:00,116,116,2618,2845,2734,2961
2024-05-23 12:00:00,2024-05-23 13:00:00,10,120,206,2468,216,2588
2024-05-23 13:00:00,2024-05-23 14:00:00,343,495,3011,3374,3354,3869
2024-05-23 14:00:00,2024-05-23 15:00:00,458,634,3298,3281,3756,3915
2024-05-23 15:00:00,2024-05-23 16:00:00,437,661,2596,3228,3033,3889
2024-05-23 16:00:00,2024-05-23 17:00:00,550,656,2762,3171,3312,3827
2024-05-23 17:00:00,2024-05-23 18:00:00,249,416,1806,2487,2055,2903
2024-05-23 18:00:00,2024-05-23 19:00:00,0,0,301,697,301,697
2024-05-23 19:00:00,2024-05-23 20:00:00,0,0,12,56,12,56
2024-05-23 20:00:00,2024-05-23 21:00:00,0,0,0,0,0,0
2024-05-23 21:00:00,2024-05-23 22:00:00,0,0,0,0,0,0
2024-05-23 22:00:00,2024-05-23 23:00:00,0,0,0,0,0,0
2024-05-23 23:00:00,2024-05-24,0,0,0,0,0,0
2024-05-24,2024-05-24 01:00:00,0,0,0,0,0,0
2024-05-24 01:00:00,2024-05-24 02:00:00,0,0,0,0,0,0
2024-05-24 02:00:00,2024-05-24 03:00:00,0,0,0,0,0,0
2024-05-24 03:00:00,2024-05-24 04:00:00,0,0,0,0,0,0
2024-05-24 04:00:00,2024-05-24 05:00:00,0,0,0,0,0,0
2024-05-24 05:00:00,2024-05-24 06:00:00,0,0,0,0,0,0
2024-05-24 06:00:00,2024-05-24 07:00:00,0,0,0,0,0,0
2024-05-24 07:00:00,2024-05-24 08:00:00,15,28,318,637,333,665
2024-05-24 08:00:00,2024-05-24 09:00:00,30,29,700,1224,730,1253
2024-05-24 09:00:00,2024-05-24 10:00:00,3,19,1228,1435,1231,1454
2024-05-24 10:00:00,2024-05-24 11:00:00,13,30,1112,1173,1125,1203
2024-05-24 11:00:00,2024-05-24 12:00:00,25,27,1405,1614,1430,1641
2024-05-24 12:00:00,2024-05-24 13:00:00,18,23,1419,1475,1437,1498
2024-05-24 13:00:00,2024-05-24 14:00:00,17,15,1351,1705,1368,1720
2024-05-24 14:00:00,2024-05-24 15:00:00,132,193,1648,1860,1780,2053
2024-05-24 15:00:00,2024-05-24 16:00:00,138,232,1773,1825,1911,2057
2024-05-24 16:00:00,2024-05-24 17:00:00,85,132,1592,1954,1677,2086
2024-05-24 17:00:00,2024-05-24 18:00:00,0,0,1146,1491,1146,1491
2024-05-24 18:00:00,2024-05-24 19:00:00,0,0,45,116,45,116
2024-05-24 19:00:00,2024-05-24 20:00:00,0,0,0,0,0,0
2024-05-24 20:00:00,2024-05-24 21:00:00,0,0,0,0,0,0
2024-05-24 21:00:00,2024-05-24 22:00:00,0,0,0,0,0,0
2024-05-24 22:00:00,2024-05-24 23:00:00,0,0,0,0,0,0
2024-05-24 23:00:00,2024-05-25,0,0,0,0,0,0
2024-05-25,2024-05-25 01:00:00,0,0,0,0,0,0
2024-05-25 01:00:00,2024-05-25 02:00:00,0,0,0,0,0,0
2024-05-25 02:00:00,2024-05-25 03:00:00,0,0,0,0,0,0
2024-05-25 03:00:00,2024-05-25 04:00:00,0,0,0,0,0,0
2024-05-25 04:00:00,2024-05-25 05:00:00,0,0,0,0,0,0
2024-05-25 05:00:00,2024-05-25 06:00:00,0,0,0,0,0,0
2024-05-25 06:00:00,2024-05-25 07:00:00,1,16,117,813,118,829
2024-05-25 07:00:00,2024-05-25 08:00:00,370,827,1719,3218,2089,4045
2024-05-25 08:00:00,2024-05-25 09:00:00,729,799,2862,3422,3591,4221
2024-05-25 09:00:00,2024-05-25 10:00:00,807,799,3904,4076,4711,4875
2024-05-25 10:00:00,2024-05-25 11:00:00,782,811,3372,3627,4154,4438
2024-05-25 11:00:00,2024-05-25 12:00:00,820,827,3733,4029,4553,4856
2024-05-25 12:00:00,2024-05-25 13:00:00,767,857,3901,4058,4668,4915
2024-05-25 13:00:00,2024-05-25 14:00:00,824,919,3722,3926,4546,4845
2024-05-25 14:00:00,2024-05-25 15:00:00,797,787,3687,3953,4484,4740
2024-05-25 15:00:00,2024-05-25 16:00:00,832,833,3629,3909,4461,4742
2024-05-25 16:00:00,2024-05-25 17:00:00,972,1056,3553,3649,4525,4705
2024-05-25 17:00:00,2024-05-25 18:00:00,508,985,2729,3995,3237,4980
2024-05-25 18:00:00,2024-05-25 19:00:00,17,39,398,1259,415,1298
2024-05-25 19:00:00,2024-05-25 20:00:00,0,0,2,9,2,9
2024-05-25 20:00:00,2024-05-25 21:00:00,0,0,0,0,0,0
2024-05-25 21:00:00,2024-05-25 22:00:00,0,0,0,0,0,0
2024-05-25 22:00:00,2024-05-25 23:00:00,0,0,0,0,0,0
2024-05-25 23:00:00,2024-05-26,0,0,0,0,0,0
2024-05-26,2024-05-26 01:00:00,0,0,0,0,0,0
2024-05-26 01:00:00,2024-05-26 02:00:00,0,0,0,0,0,0
2024-05-26 02:00:00,2024-05-26 03:00:00,0,0,0,0,0,0
2024-05-26 03:00:00,2024-05-26 04:00:00,0,0,0,0,0,0
2024-05-26 04:00:00,2024-05-26 05:00:00,0,0,0,0,0,0
2024-05-26 05:00:00,2024-05-26 06:00:00,0,0,0,0,0,0
2024-05-26 06:00:00,2024-05-26 07:00:00,37,168,349,1234,386,1402
2024-05-26 07:00:00,2024-05-26 08:00:00,225,244,2682,4402,2907,4646
2024-05-26 08:00:00,2024-05-26 09:00:00,196,224,4054,4515,4250,4739
2024-05-26 09:00:00,2024-05-26 10:00:00,165,142,4558,4831,4723,4973
2024-05-26 10:00:00,2024-05-26 11:00:00,168,225,4762,5008,4930,5233
2024-05-26 11:00:00,2024-05-26 12:00:00,232,243,4984,5313,5216,5556
2024-05-26 12:00:00,2024-05-26 13:00:00,228,236,4966,5085,5194,5321
2024-05-26 13:00:00,2024-05-26 14:00:00,257,258,4988,5255,5245,5513
2024-05-26 14:00:00,2024-05-26 15:00:00,337,342,5569,5740,5906,6082
2024-05-26 15:00:00,2024-05-26 16:00:00,404,387,5478,5792,5882,6179
2024-05-26 16:00:00,2024-05-26 17:00:00,466,455,4590,4980,5056,5435
2024-05-26 17:00:00,2024-05-26 18:00:00,370,557,2857,4501,3227,5058
2024-05-26 18:00:00,2024-05-26 19:00:00,4,15,161,479,165,494
2024-05-26 19:00:00,2024-05-26 20:00:00,0,0,3,22,3,22
2024-05-26 20:00:00,2024-05-26 21:00:00,0,0,0,0,0,0
2024-05-26 21:00:00,2024-05-26 22:00:00,0,0,0,0,0,0
2024-05-26 22:00:00,2024-05-26 23:00:00,0,0,0,0,0,0
2024-05-26 23:00:00,2024-05-27,0,0,0,0,0,0
2024-05-27,2024-05-27 01:00:00,0,0,0,0,0,0
2024-05-27 01:00:00,2024-05-27 02:00:00,0,0,0,0,0,0
2024-05-27 02:00:00,2024-05-27 03:00:00,0,0,0,0,0,0
2024-05-27 03:00:00,2024-05-27 04:00:00,0,0,0,0,0,0
2024-05-27 04:00:00,2024-05-27 05:00:00,0,0,0,0,0,0
2024-05-27 05:00:00,2024-05-27 06:00:00,0,0,0,0,0,0
2024-05-27 06:00:00,2024-05-27 07:00:00,2,21,26,146,28,167
2024-05-27 07:00:00,2024-05-27 08:00:00,25,18,1604,2164,1629,2182
2024-05-27 08:00:00,2024-05-27 09:00:00,19,22,2427,2635,2446,2657
2024-05-27 09:00:00,2024-05-27 10:00:00,8,22,2645,2769,2653,2791
2024-05-27 10:00:00,2024-05-27 11:00:00,21,22,2299,2462,2320,2484
2024-05-27 11:00:00,2024-05-27 12:00:00,15,12,2231,2379,2246,2391
2024-05-27 12:00:00,2024-05-27 13:00:00,19,18,2179,2459,2198,2477
2024-05-27 13:00:00,2024-05-27 14:00:00,17,24,2392,2669,2409,2693
2024-05-27 14:00:00,2024-05-27 15:00:00,5,21,1844,2012,1849,2033
2024-05-27 15:00:00,2024-05-27 16:00:00,0,0,1957,2358,1957,2358
2024-05-27 16:00:00,2024-05-27 17:00:00,0,0,1576,2054,1576,2054
2024-05-27 17:00:00,2024-05-27 18:00:00,0,0,747,1160,747,1160
2024-05-27 18:00:00,2024-05-27 19:00:00,0,0,52,225,52,225
2024-05-27 19:00:00,2024-05-27 20:00:00,0,0,0,0,0,0
2024-05-27 20:00:00,2024-05-27 21:00:00,0,0,0,0,0,0
2024-05-27 21:00:00,2024-05-27 22:00:00,0,0,0,0,0,0
2024-05-27 22:00:00,2024-05-27 23:00:00,0,0,0,0,0,0
2024-05-27 23:00:00,2024-05-28,0,0,0,0,0,0
2024-05-28,2024-05-28 01:00:00,0,0,0,0,0,0
2024-05-28 01:00:00,2024-05-28 02:00:00,0,0,0,0,0,0
2024-05-28 02:00:00,2024-05-28 03:00:00,0,0,0,0,0,0
2024-05-28 03:00:00,2024-05-28 04:00:00,0,0,0,0,0,0
2024-05-28 04:00:00,2024-05-28 05:00:00,0,0,0,0,0,0
2024-05-28 05:00:00,2024-05-28 06:00:00,0,0,0,0,0,0
2024-05-28 06:00:00,2024-05-28 07:00:00,0,0,0,5,0,5
2024-05-28 07:00:00,2024-05-28 08:00:00,0,0,272,629,272,629
2024-05-28 08:00:00,2024-05-28 09:00:00,0,0,512,610,512,610
2024-05-28 09:00:00,2024-05-28 10:00:00,12,35,780,1042,792,1077
2024-05-28 10:00:00,2024-05-28 11:00:00,18,22,547,772,565,794
2024-05-28 11:00:00,2024-05-28 12:00:00,0,0,713,834,713,834
2024-05-28 12:00:00,2024-05-28 13:00:00,0,0,721,931,721,931
2024-05-28 13:00:00,2024-05-28 14:00:00,24,0,744,1028,768,1028
2024-05-28 14:00:00,2024-05-28 15:00:00,21,30,635,836,656,866
2024-05-28 15:00:00,2024-05-28 16:00:00,0,0,1004,1300,1004,1300
2024-05-28 16:00:00,2024-05-28 17:00:00,0,0,641,1236,641,1236
2024-05-28 17:00:00,2024-05-28 18:00:00,0,0,295,649,295,649
2024-05-28 18:00:00,2024-05-28 19:00:00,0,0,21,81,21,81
2024-05-28 19:00:00,2024-05-28 20:00:00,0,0,4,17,4,17
2024-05-28 20:00:00,2024-05-28 21:00:00,0,4,0,0,0,4
2024-05-28 21:00:00,2024-05-28 22:00:00,0,0,0,0,0,0
2024-05-28 22:00:00,2024-05-28 23:00:00,0,0,0,0,0,0
2024-05-28 23:00:00,2024-05-29,3,35,0,0,3,35
2024-05-29,2024-05-29 01:00:00,0,0,0,0,0,0
2024-05-29 01:00:00,2024-05-29 02:00:00,0,0,0,0,0,0
2024-05-29 02:00:00,2024-05-29 03:00:00,0,0,0,0,0,0
2024-05-29 03:00:00,2024-05-29 04:00:00,0,0,0,0,0,0
2024-05-29 04:00:00,2024-05-29 05:00:00,0,0,0,0,0,0
2024-05-29 05:00:00,2024-05-29 06:00:00,0,0,0,0,0,0
2024-05-29 06:00:00,2024-05-29 07:00:00,0,0,0,0,0,0
2024-05-29 07:00:00,2024-05-29 08:00:00,0,0,0,0,0,0
2024-05-29 08:00:00,2024-05-29 09:00:00,0,0,0,0,0,0
2024-05-29 09:00:00,2024-05-29 10:00:00,0,0,0,0,0,0
2024-05-29 10:00:00,2024-05-29 11:00:00,0,0,0,0,0,0
2024-05-29 11:00:00,2024-05-29 12:00:00,0,0,0,0,0,0
2024-05-29 12:00:00,2024-05-29 13:00:00,0,0,0,0,0,0
2024-05-29 13:00:00,2024-05-29 14:00:00,0,0,0,0,0,0
2024-05-29 14:00:00,2024-05-29 15:00:00,0,0,0,0,0,0
2024-05-29 15:00:00,2024-05-29 16:00:00,0,0,0,0,0,0
2024-05-29 16:00:00,2024-05-29 17:00:00,0,0,0,0,0,0
2024-05-29 17:00:00,2024-05-29 18:00:00,0,0,0,0,0,0
2024-05-29 18:00:00,2024-05-29 19:00:00,0,0,0,0,0,0
2024-05-29 19:00:00,2024-05-29 20:00:00,0,0,0,0,0,0
2024-05-29 20:00:00,2024-05-29 21:00:00,0,0,0,0,0,0
2024-05-29 21:00:00,2024-05-29 22:00:00,0,0,0,0,0,0
2024-05-29 22:00:00,2024-05-29 23:00:00,0,0,0,0,0,0
2024-05-29 23:00:00,2024-05-30,0,0,0,0,0,0
2024-05-30,2024-05-30 01:00:00,0,0,0,0,0,0
2024-05-30 01:00:00,2024-05-30 02:00:00,0,0,0,0,0,0
2024-05-30 02:00:00,2024-05-30 03:00:00,0,0,0,0,0,0
2024-05-30 03:00:00,2024-05-30 04:00:00,0,0,0,0,0,0
2024-05-30 04:00:00,2024-05-30 05:00:00,0,0,0,0,0,0
2024-05-30 05:00:00,2024-05-30 06:00:00,0,0,0,0,0,0
2024-05-30 06:00:00,2024-05-30 07:00:00,0,0,0,0,0,0
2024-05-30 07:00:00,2024-05-30 08:00:00,0,0,0,0,0,0
2024-05-30 08:00:00,2024-05-30 09:00:00,0,0,0,0,0,0
2024-05-30 09:00:00,2024-05-30 10:00:00,0,0,0,0,0,0
2024-05-30 10:00:00,2024-05-30 11:00:00,0,0,0,0,0,0
2024-05-30 11:00:00,2024-05-30 12:00:00,0,0,0,0,0,0
2024-05-30 12:00:00,2024-05-30 13:00:00,0,0,0,0,0,0
2024-05-30 13:00:00,2024-05-30 14:00:00,0,0,0,0,0,0
2024-05-30 14:00:00,2024-05-30 15:00:00,0,0,0,0,0,0
2024-05-30 15:00:00,2024-05-30 16:00:00,0,0,0,0,0,0
2024-05-30 16:00:00,2024-05-30 17:00:00,0,0,0,0,0,0
2024-05-30 17:00:00,2024-05-30 18:00:00,0,0,0,0,0,0
2024-05-30 18:00:00,2024-05-30 19:00:00,0,0,0,0,0,0
2024-05-30 19:00:00,2024-05-30 20:00:00,0,0,0,0,0,0
2024-05-30 20:00:00,2024-05-30 21:00:00,0,0,0,0,0,0
2024-05-30 21:00:00,2024-05-30 22:00:00,0,0,0,0,0,0
2024-05-30 22:00:00,2024-05-30 23:00:00,0,0,0,0,0,0
2024-05-30 23:00:00,2024-05-31,0,0,0,0,0,0
2024-05-31,2024-05-31 01:00:00,0,0,0,0,0,0
2024-05-31 01:00:00,2024-05-31 02:00:00,0,0,0,0,0,0
2024-05-31 02:00:00,2024-05-31 03:00:00,0,0,0,0,0,0
2024-05-31 03:00:00,2024-05-31 04:00:00,0,0,0,0,0,0
2024-05-31 04:00:00,2024-05-31 05:00:00,0,0,0,0,0,0
2024-05-31 05:00:00,2024-05-31 06:00:00,0,0,0,0,0,0
2024-05-31 06:00:00,2024-05-31 07:00:00,0,0,38,379,38,379
2024-05-31 07:00:00,2024-05-31 08:00:00,0,0,797,1128,797,1128
2024-05-31 08:00:00,2024-05-31 09:00:00,0,0,1163,1257,1163,1257
2024-05-31 09:00:00,2024-05-31 10:00:00,0,0,1124,1194,1124,1194
2024-05-31 10:00:00,2024-05-31 11:00:00,0,0,1005,1070,1005,1070
2024-05-31 11:00:00,2024-05-31 12:00:00,0,0,1174,1277,1174,1277
2024-05-31 12:00:00,2024-05-31 13:00:00,0,0,1709,1812,1709,1812
2024-05-31 13:00:00,2024-05-31 14:00:00,0,0,1554,1719,1554,1719
2024-05-31 14:00:00,2024-05-31 15:00:00,0,0,1720,1816,1720,1816
2024-05-31 15:00:00,2024-05-31 16:00:00,0,0,1518,1628,1518,1628
2024-05-31 16:00:00,2024-05-31 17:00:00,0,0,1068,1411,1068,1411
2024-05-31 17:00:00,2024-05-31 18:00:00,0,0,1149,1497,1149,1497
2024-05-31 18:00:00,2024-05-31 19:00:00,0,0,239,759,239,759
2024-05-31 19:00:00,2024-05-31 20:00:00,0,0,13,42,13,42
2024-05-31 20:00:00,2024-05-31 21:00:00,0,0,0,0,0,0
2024-05-31 21:00:00,2024-05-31 22:00:00,0,0,0,0,0,0
2024-05-31 22:00:00,2024-05-31 23:00:00,0,0,0,0,0,0
2024-05-31 23:00:00,2024-06-01,0,0,0,0,0,0
2024-06-01,2024-06-01 01:00:00,0,0,0,0,0,0
2024-06-01 01:00:00,2024-06-01 02:00:00,0,0,0,0,0,0
2024-06-01 02:00:00,2024-06-01 03:00:00,0,0,0,0,0,0
2024-06-01 03:00:00,2024-06-01 04:00:00,0,0,0,0,0,0
2024-06-01 04:00:00,2024-06-01 05:00:00,0,0,0,0,0,0
2024-06-01 05:00:00,2024-06-01 06:00:00,0,0,0,0,0,0
2024-06-01 06:00:00,2024-06-01 07:00:00,0,0,7,55,7,55
2024-06-01 07:00:00,2024-06-01 08:00:00,190,242,1522,3076,1712,3318
2024-06-01 08:00:00,2024-06-01 09:00:00,174,302,2751,3027,2925,3329
2024-06-01 09:00:00,2024-06-01 10:00:00,160,138,2798,3238,2958,3376
2024-06-01 10:00:00,2024-06-01 11:00:00,144,154,2834,3194,2978,3348
2024-06-01 11:00:00,2024-06-01 12:00:00,154,156,2201,2406,2355,2562
2024-06-01 12:00:00,2024-06-01 13:00:00,211,241,2400,2504,2611,2745
2024-06-01 13:00:00,2024-06-01 14:00:00,214,217,2423,2667,2637,2884
2024-06-01 14:00:00,2024-06-01 15:00:00,205,248,2862,3175,3067,3423
2024-06-01 15:00:00,2024-06-01 16:00:00,281,236,2878,3356,3159,3592
2024-06-01 16:00:00,2024-06-01 17:00:00,379,439,2147,2532,2526,2971
2024-06-01 17:00:00,2024-06-01 18:00:00,293,427,2127,2544,2420,2971
2024-06-01 18:00:00,2024-06-01 19:00:00,52,128,429,1143,481,1271
2024-06-01 19:00:00,2024-06-01 20:00:00,0,0,1,6,1,6
2024-06-01 20:00:00,2024-06-01 21:00:00,0,0,0,0,0,0
2024-06-01 21:00:00,2024-06-01 22:00:00,0,0,0,0,0,0
2024-06-01 22:00:00,2024-06-01 23:00:00,0,0,0,0,0,0
2024-06-01 23:00:00,2024-06-02,0,0,0,0,0,0
2024-06-02,2024-06-02 01:00:00,0,0,0,0,0,0
2024-06-02 01:00:00,2024-06-02 02:00:00,0,0,0,0,0,0
2024-06-02 02:00:00,2024-06-02 03:00:00,0,0,0,0,0,0
2024-06-02 03:00:00,2024-06-02 04:00:00,0,0,0,0,0,0
2024-06-02 04:00:00,2024-06-02 05:00:00,0,0,0,0,0,0
2024-06-02 05:00:00,2024-06-02 06:00:00,0,0,0,0,0,0
2024-06-02 06:00:00,2024-06-02 07:00:00,6,35,41,308,47,343
2024-06-02 07:00:00,2024-06-02 08:00:00,167,205,2056,3514,2223,3719
2024-06-02 08:00:00,2024-06-02 09:00:00,263,273,3296,3531,3559,3804
2024-06-02 09:00:00,2024-06-02 10:00:00,267,259,3441,3743,3708,4002
2024-06-02 10:00:00,2024-06-02 11:00:00,279,295,3827,3954,4106,4249
2024-06-02 11:00:00,2024-06-02 12:00:00,292,298,3747,3925,4039,4223
2024-06-02 12:00:00,2024-06-02 13:00:00,284,284,3411,4142,3695,4426
2024-06-02 13:00:00,2024-06-02 14:00:00,277,269,2862,3782,3139,4051
2024-06-02 14:00:00,2024-06-02 15:00:00,342,344,3286,3450,3628,3794
2024-06-02 15:00:00,2024-06-02 16:00:00,317,343,3698,3948,4015,4291
2024-06-02 16:00:00,2024-06-02 17:00:00,166,258,2934,3606,3100,3864
2024-06-02 17:00:00,2024-06-02 18:00:00,6,21,1554,2250,1560,2271
2024-06-02 18:00:00,2024-06-02 19:00:00,0,0,65,219,65,219
2024-06-02 19:00:00,2024-06-02 20:00:00,0,0,0,0,0,0
2024-06-02 20:00:00,2024-06-02 21:00:00,0,0,0,0,0,0
2024-06-02 21:00:00,2024-06-02 22:00:00,0,0,0,0,0,0
2024-06-02 22:00:00,2024-06-02 23:00:00,0,0,0,0,0,0
2024-06-02 23:00:00,2024-06-03,0,0,0,0,0,0
